image_width: 640
image_height: 512
camera_name: ximea_31706251
camera_matrix:
  rows: 3
  cols: 3
  data: [521.65105127354, 0, 323.4006328554286, 0, 523.7763816684426, 265.4532088393087, 0, 0, 1]
distortion_model: plumb_bob
distortion_coefficients:
  rows: 1
  cols: 5
  data: [-0.3317420039990347, 0.1390407598931775, -0.004188307885459238, -0.001603988499531457, 0]
rectification_matrix:
  rows: 3
  cols: 3
  data: [1, 0, 0, 0, 1, 0, 0, 0, 1]
projection_matrix:
  rows: 3
  cols: 4
  data: [452.8723754882812, 0, 322.2608807164652, 0, 0, 479.5223388671875, 264.4745013946813, 0, 0, 0, 1, 0]