image_width: 640
image_height: 512
camera_name: ximea_31706251
camera_matrix:
  rows: 3
  cols: 3
  data: [528.14339,   0.     , 326.65421,
           0.     , 529.92969, 271.01341,
           0.     ,   0.     ,   1.     ]
distortion_model: plumb_bob
distortion_coefficients:
  rows: 1
  cols: 5
  data: [-0.338673, 0.140935, -0.003990, -0.000878, 0.000000]
rectification_matrix:
  rows: 3
  cols: 3
  data: [1., 0., 0.,
         0., 1., 0.,
         0., 0., 1.]
projection_matrix:
  rows: 3
  cols: 4
  data: [458.08136,   0.     , 327.20237,   0.     ,
           0.     , 484.97604, 271.19496,   0.     ,
           0.     ,   0.     ,   1.     ,   0.     ]
